000.874619 029.753280
000.826165 029.757831
000.804322 029.987648
001.204787 029.897934
001.023960 029.983288
000.913259 029.994500
000.792667 029.898366
000.871484 029.679559
000.874553 029.701413
000.824602 029.760606
000.830441 029.832580
000.874542 029.993556
000.871551 029.753712
000.874936 029.940607
000.819685 021.770783
000.872575 013.785683
000.816594 029.912838
000.037481 029.852131
000.795301 029.695673
000.816433 029.912616
000.835804 029.289107
000.016224 026.245167
000.826166 014.639533
000.791749 029.889693
000.871866 028.073920
000.825822 029.973942
000.829977 029.945041
000.925084 029.832131
000.876084 029.994493
000.826232 029.942481
000.872155 029.702318
000.827373 014.832420
000.817697 029.518921
000.813670 026.080592
000.874908 029.270783
000.874936 029.940621
000.830441 026.082037
000.804370 029.988062
000.810219 029.949414
000.822476 029.526792
000.835963 029.984068
000.835063 029.903208
000.827373 028.894923
000.810285 029.912615
000.825413 029.868660
000.035375 029.925572
000.874628 029.586770
000.810114 029.760606
000.791749 029.888780
000.089131 029.760383
000.814284 029.693261
000.810212 029.832003
000.816333 029.999505
001.203789 029.832131
000.807375 029.832421
000.810212 029.608647
000.793663 029.987902
000.789831 029.832151
000.816433 029.987645
000.804322 029.912689
000.810606 029.943230
001.022426 029.981664
000.798046 029.912311
000.820768 026.076954
000.816355 029.685879
000.805140 029.992031
000.810315 029.781992
000.791793 029.654183
000.819500 029.995768
000.810319 029.921254
000.786672 029.980489
000.831934 029.987616
000.785677 014.702799
000.810319 029.995596
000.874942 029.823035
000.823835 029.681380
000.803987 029.994493
000.040260 029.443523
000.857584 029.942089
000.827292 029.833962
000.813934 029.669959
000.847708 029.994090
000.871869 029.974526
000.810223 029.645364
000.792098 029.679555
000.878800 029.832131
000.819662 029.800861
000.816594 029.995137
000.874964 029.988566
000.814704 029.995545
000.826166 029.998800
000.798594 029.755796
000.874541 029.995544
000.816433 029.912617
000.792073 026.905113
000.786876 029.888547
000.828866 028.894631
000.786684 029.999505
000.817697 029.830592
000.874908 029.153610
000.838421 029.669966
000.801622 029.288196
001.000699 029.842511
000.793211 029.636199
000.810212 029.834710
001.179383 029.993125
000.871389 029.915732
000.816970 029.202336
000.810607 029.995859
001.062133 028.099611
000.876087 014.760626
001.023445 026.208359
000.815161 029.995768
000.810300 029.927662
000.794734 014.868660
000.811222 029.987616
000.021754 029.564669
000.817411 029.992123
000.826136 029.921912
001.023322 029.525743
000.793587 029.995137
000.805859 029.966756
000.810307 029.699492
000.835174 029.942022
000.816969 029.212607
000.810204 029.945053
000.822754 028.073920
000.872155 029.702289
000.795205 029.680345
000.822781 029.695658
000.785677 029.702665
000.874552 029.681341
