001.476072 027.952935
001.476069 028.070125
001.476069 027.952935
001.476063 027.952937
001.279719 027.952935
001.476069 012.952935
001.476069 012.954768
001.476068 027.953395
001.476069 027.967586
001.476021 027.952937
001.476057 027.952935
001.476069 027.952937
001.476069 027.951104
001.476069 027.952937
001.476069 027.953450
001.476069 027.952935
001.475973 027.952935
001.476452 027.952935
001.476069 027.952937
001.476069 027.952937
001.476069 027.949270
001.476069 027.982291
001.377894 027.952937
001.476069 027.952937
001.476069 027.952937
001.476069 027.952935
001.476069 027.952935
001.476069 027.952935
001.476069 027.953164
001.476836 027.952928
001.476045 027.484187
001.476069 027.952937
